temp <-
c(16.81, 10.52, 15.11, 14, 14.2, 13.92, 10.6, 11.73, 13.98, 13.6, 
13.43, 16.13, 13.61, 15.24, 10.08, 11.63, 14.9, 20.32, 14.33, 
13.21, 13.3, 11.69, 13.72, 12.3, 10.26, 13.77, 13.22, 15.12, 
12.53, 13.39, 11.62, 10.77, 12.76, 14.1, 10.28, 14.47, 10.38, 
13.46, 13.41, 14.24, 12.67, 14.2, 12.35, 15.62, 14.2, 13.88, 
11.84, 14.45, 10.19, 15.13, 10.21, 17.32, 11.61, 11.55, 17.79, 
14.65, 10.07, 12.97, 15.24, 14.4, 16.55, 11.55, 10.49, 13.84, 
11.59, 13.13, 15.16, 11.72, 12.24, 11.58, 12.61, 16.26, 15.71, 
14.49, 12.73, 14.68, 18.75, 10.42, 12.7, 17.2, 17.2, 11.12, 10.07, 
11.61, 13.59, 11.56, 13.86, 21.7, 12.11, 14.24, 15.18, 17.58, 
18.48, 13, 12.67, 11.3, 11.75, 11.4, 13.7, 19.14, 17.37, 14.19, 
14.2, 12.87, 15.79, 10.47, 10.43, 10.26, 11.72, 16.49, 15.21, 
11.63, 12.78, 13.03, 13.68, 21.68, 11.62, 12.56, 14.43, 11.21, 
17.21, 10.45, 17.25, 14.7, 14.76, 11.73, 12.47, 11.64, 21.71, 
11.98, 14.45, 14.49, 14.48, 20.32, 11.17, 10.54, 12.96, 14.86, 
14.18, 13.08, 15.37, 12.05, 10.64, 10.6, 13.45, 11.4, 15.71, 
10.41, 10.41, 12.89, 11.12, 12.46, 11.55, 19.99, 15.02, 13.52, 
13.57, 12.29, 11.1, 11.05, 17.07, 11.84, 16.9, 12.31, 11.72, 
17.92, 10.63, 19.37, 10.91, 10.43, 15.22, 14.85, 13.79, 14.2, 
11.71, 12.07, 15.41, 17.2, 10.3, 14.13, 11.64, 13.4, 10.28, 12.22, 
15.62, 12.99, 11.33, 12.47, 12.87, 17.2, 14.98, 11.22, 13.42, 
13.5, 17.41, 11.76, 17.18, 10.32, 13.36, 11.36, 15.2, 15.33, 
11.68, 12.88, 12.24, 15.2, 11.58, 13.25, 10.92, 15.36, 14.75, 
12.31, 12.47, 11.86, 10.06, 14.6, 15.58, 15.2, 13.78, 10.06, 
11.52, 14.85, 15.23, 10.3, 11.68, 10.51, 13.06, 10.98, 16.9, 
10.44, 11.54, 13.23, 12.29, 10.76, 11.13, 17.68, 12.33, 15.17, 
10.82, 14.47, 18.97, 11.24, 11.74, 15.06, 15.54, 10.32, 10.74, 
10.3, 12.95, 14.03, 11.46, 12.63, 11.42, 14.84, 11.03, 13.55, 
15.26, 14.83, 12.86, 15, 14.39, 10.31, 11.75, 11.01, 11.81, 10.09, 
13.06, 10.74, 15.59, 11.06, 14.58, 13.45, 11.31, 10.61, 15.1, 
11.69, 17.2, 11.4, 16.9, 13.63, 10.87, 10.55, 11.83, 17.09, 15.28, 
10.85, 15.03, 13, 20.11, 13.66, 13.53, 13.56, 12.38, 11.74, 14.73, 
10.05, 11.89, 10.65, 14.98, 15.04, 20.31, 10.46, 12.52, 10.32, 
13.29, 12.94, 15.2, 11.03, 10.91, 17.11, 15.64, 10.52, 14.18, 
13.62, 13.26, 17.72, 12.56, 14.96, 11.08, 12.62, 19.41, 10.67, 
10.72, 12.88, 10.55, 12.07, 11.44, 21.71, 15.14, 11.58, 11.13, 
10.65, 21.72, 13.08, 14.87, 12.81, 14.86, 13.05, 10.69, 14.78, 
12.35, 14.37, 10.51, 10.58, 11.32, 16.9, 12.11, 15.49, 11.15, 
12.85, 14.16, 13.49, 11.02, 14.2, 12.14, 15.23, 15.02, 15.62, 
11.96, 16.34, 16.39, 10.27, 15.24, 12.84, 14.73, 13.69, 17.19, 
13.56, 15.27, 11.2, 10.67, 17.71, 10.73, 12.79, 11.69, 12.47, 
13.35, 14.25, 15.44, 14.5, 17.2, 13.27, 17.76, 13.26, 12.48, 
12.71, 17.7, 14.16, 12.34, 12.36, 12.79, 10.72, 11.05, 14.31, 
12.15, 10.4, 15.2, 13.79, 11.55, 14.97, 13.1, 15.27, 15.31, 15.55, 
11.6, 10.87, 12.51, 11.47, 12.48, 10.74, 14.2, 13.06, 13.08, 
11.56, 10.32, 14.36, 10.65, 10.7, 18.96, 14.38, 12.09, 10.5, 
16.91, 15, 10.73, 10.44, 17.18, 10.69, 15.26, 10.03, 17.8, 19.89, 
14.17, 12.2, 14.57, 14.41, 11.32, 12.91, 13.13, 13.84, 13.43, 
10.64, 12.08, 12.67, 12.79, 10.74, 13.9, 11.65, 11.03, 12.3, 
12.19, 12.13, 10.7, 13.09, 10.64, 13.84, 13.58, 14.19, 10.64, 
12.31, 14.21, 10.57, 13.44, 13.34, 12.75, 10.49, 11.97, 12.4, 
17.44, 10.32, 11.74, 15.93, 11.75, 14.43, 14.62, 10.6, 12.91, 
15.03, 13.45, 14.12, 14.08, 16.36, 12.8, 15.42, 18.84, 12.96, 
13.4, 10.64, 10.22, 11.07, 15.2, 12.84, 10.46, 14.35, 10.96, 
10.99, 13.32, 10.08, 13.1, 10.73)
